F;   28071964972;018;2464;006/013;07/06/2019;000000004115,67;000000000000,00;000000000000,00;000000000000,00;C
F;   28071964972;018;2464;072/180;07/06/2019;000000001592,70;000000000000,00;000000000000,00;000000000000,00;C
F;   03418513964;017;3617;063/180;07/06/2019;000000001299,18;000000000000,00;000000000000,00;000000000000,00;C
F;   60842377972;010;2491;072/180;07/06/2019;000000001288,09;000000000000,00;000000000000,00;000000000000,00;C
F;   84150629900;010;2420;072/180;07/06/2019;000000001556,27;000000000000,00;000000000000,00;000000000000,00;C
F;   49675788968;006;2699;033/073;07/06/2019;000000001816,33;000000000000,00;000000000000,00;000000000000,00;C
F;   01692915967;003;2396;006/010;07/06/2019;000000003959,30;000000000000,00;000000000000,00;000000000000,00;C
J;06969071000183;023;2414;072/180;07/06/2019;000000001930,25;000000000000,00;000000000000,00;000000000000,00;C
F;   50917480910;015;5509;001/001;07/06/2019;000000021340,11;000000000000,00;000000000000,00;000000000000,00;C
F;   03656391920;009;6158;015/180;07/06/2019;000000001732,07;000000000000,00;000000000000,00;000000000000,00;C
F;   72827432900;007;5179;036/180;07/06/2019;000000001749,41;000000000000,00;000000000000,00;000000000000,00;C
F;   72827432900;025;5180;003/015;07/06/2019;000000003958,31;000000000000,00;000000000000,00;000000000000,00;C
F;   72827432900;025;5180;036/180;07/06/2019;000000001296,64;000000000000,00;000000000000,00;000000000000,00;C
F;   72827432900;026;5181;003/015;07/06/2019;000000003074,86;000000000000,00;000000000000,00;000000000000,00;C
F;   72827432900;026;5181;036/180;07/06/2019;000000001421,92;000000000000,00;000000000000,00;000000000000,00;C
F;   03913216928;006;6282;012/180;07/06/2019;000000001539,20;000000000011,50;000000000029,96;000000000000,01;C
F;   10190350997;012;2515;006/010;07/06/2019;000000002873,61;000000000000,00;000000000000,00;000000000000,00;C
F;   10190350997;013;2516;006/010;07/06/2019;000000002873,61;000000000000,00;000000000000,00;000000000000,00;C
F;   10190350997;013;2516;014/068;07/06/2019;000000001468,44;000000000000,00;000000000000,00;000000000000,00;C
F;   97971782934;001;5288;017/180;07/06/2019;000000001581,39;000000000001,04;000000000030,99;000000000000,01;C
F;   86526650953;013;6788;006/180;07/06/2019;000000000962,60;000000000000,00;000000000000,00;000000000000,00;C
F;   20007729863;022;6625;007/023;07/06/2019;000000000915,02;000000000000,00;000000000000,00;000000000080,04;C
F;   20007729863;022;6625;008/023;07/06/2019;000000000915,02;000000000000,00;000000000000,00;000000000080,04;C
F;   20007729863;022;6625;001/002;07/06/2019;000000018999,96;000000000000,00;000000000000,00;000000001661,90;C
F;   20007729863;022;6625;009/023;07/06/2019;000000000915,02;000000000000,00;000000000000,00;000000000080,04;C
F;   06262928910;003;2663;002/121;07/06/2019;000000001618,23;000000000138,32;000000000029,02;000000000000,00;C
F;   06262928910;003;2663;003/121;07/06/2019;000000001059,35;000000000081,49;000000000019,17;000000000000,00;C
F;   06262928910;003;2663;003/121;07/06/2019;000000000544,31;000000000041,87;000000000009,85;000000000000,00;C
F;   06262928910;003;2663;004/121;07/06/2019;000000001590,24;000000000108,92;000000000029,05;000000000000,00;C
F;   06262928910;003;2663;005/121;07/06/2019;000000001576,78;000000000094,01;000000000029,07;000000000000,00;C
F;   06262928910;003;2663;006/121;07/06/2019;000000001562,27;000000000079,47;000000000029,07;000000000000,00;C
F;   06262928910;003;2663;007/121;07/06/2019;000000001547,83;000000000064,47;000000000029,09;000000000000,00;C
F;   06262928910;003;2663;009/121;07/06/2019;000000001519,93;000000000035,89;000000000029,10;000000000000,00;C
F;   06262928910;003;2663;010/121;07/06/2019;000000001503,89;000000000020,84;000000000029,08;000000000000,00;C
F;   06262928910;003;2663;011/121;07/06/2019;000000001489,91;000000000006,31;000000000029,09;000000000000,00;C
F;   06262928910;003;2663;005/013;07/06/2019;000000000635,66;000000000059,67;000000000011,29;000000000000,00;B
